[8.8, 0.0, 1.0, 15.30542387521496]
[8.800007266545343, 0.0, 1.0, 15.305322768512312]
[8.799992733454657, 0.0, 1.0, 15.305524982251546]
[8.800060554544524, 0.0, 0.9999878891277639, 15.30542387521496]
[8.799939445455477, 0.0, 1.0000121109455735, 15.30542387521496]
[8.8, 1.3540407790027693e-5, 1.0000242219644833, 15.30542387521496]
[8.8, -1.3540407790275947e-5, 0.9999757783288644, 15.30542387521496]
[8.8, -1.3540407790027693e-5, 1.0, 15.305508131055593]
[8.8, 1.3540407790275947e-5, 1.0, 15.30533961960623]
[-7.187428430199816e-11, 2.482534153247273e-16, 0.24999999999056155, 3.8263559686849504]
[-7.187428430199816e-11, 2.482534153247273e-16, 0.24999999999056155, 3.8263559686849504]
[6.0553825781406445e-6, 2.482534153247273e-16, 0.24999999999056155, 3.826313840938565]
[-6.0555263267092485e-6, 2.482534153247273e-16, 0.24999999999056155, 3.8263980966632483]
[6.055447264974312e-5, 2.482534153247273e-16, 0.24999394457277777, 3.8263559686849504]
[-6.055461639831172e-5, 2.482534153247273e-16, 0.25000605548168237, 3.8263559686849504]
[-7.187428430199816e-11, 1.3540407790400074e-5, 0.2500121110461402, 3.8263559686849504]
[-7.187428430199816e-11, -1.3540407789903567e-5, 0.24998788922833115, 3.8263559686849504]
[-7.187428430199816e-11, -1.3540407789903567e-5, 0.24999999999056155, 3.8263980966632465]
[-7.187428430199816e-11, 1.3540407790400074e-5, 0.24999999999056155, 3.826313840938566]
[-1.4842571616213718e-12, 0.0, 0.0624999999970756, 0.9565889921988997]
[-1.4842571616213718e-12, 0.0, 0.0624999999970756, 0.9565889921988997]
[6.055452968112274e-6, 0.0, 0.0624999999970756, 0.9565679283836851]
[-6.055455936626597e-6, 0.0, 0.0624999999970756, 0.9566100562460262]
[6.0554543039659237e-5, 0.0, 0.062496972306518, 0.9565889921988997]
[-6.055454600817356e-5, 0.0, 0.06250302776097026, 0.9565889921988997]
[-1.4842571616213718e-12, 1.3540407790213883e-5, 0.06250605559820196, 0.9565889921988997]
[-1.4842571616213718e-12, -1.3540407790213883e-5, 0.06249394468929746, 0.9565889921988997]
[-1.4842571616213718e-12, -1.3540407790213883e-5, 0.0624999999970756, 0.9566100562460262]
[-1.4842571616213718e-12, 1.3540407790213883e-5, 0.0624999999970756, 0.9565679283836851]
[7.420730696594546e-13, 0.0, 0.015624999999262094, 0.23914724804808235]
[7.420730696594546e-13, 0.0, 0.015624999999262094, 0.23914724804808235]
[6.055455194470261e-6, 0.0, 0.015624999999262094, 0.2391367161984532]
[-6.055453710324121e-6, 0.0, 0.015624999999262094, 0.23915778012962377]
[6.0554545266017223e-5, 0.0, 0.015623486172317558, 0.23914724804808235]
[-6.055454378184333e-5, 0.0, 0.01562651389954368, 0.23914724804808235]
[7.420730696594546e-13, 1.3540407790213883e-5, 0.015628027873162333, 0.23914724804808235]
[7.420730696594546e-13, -1.3540407790213883e-5, 0.015621972418710082, 0.23914724804808235]
[7.420730696594546e-13, -1.3540407790213883e-5, 0.015624999999262094, 0.23915778012962377]
[7.420730696594546e-13, 1.3540407790213883e-5, 0.015624999999262094, 0.2391367161984532]
[-6.954159470495824e-14, 0.0, 0.0039062499998184196, 0.059786812012020615]
[-6.954159470495824e-14, 0.0, 0.0039062499998184196, 0.059786812012020615]
[6.055454382855596e-6, 0.0, 0.0039062499998184196, 0.05978154614518406]
[-6.055454521938786e-6, 0.0, 0.0039062499998184196, 0.05979207811076936]
[6.055454445438868e-5, 0.0, 0.003905493104680417, 0.059786812012020615]
[-6.055454459348575e-5, 0.0, 0.00390700696829348, 0.059786812012020615]
[-6.954159470495824e-14, 1.3540407790198369e-5, 0.003907764010105596, 0.059786812012020615]
[-6.954159470495824e-14, -1.3540407790198369e-5, 0.003904736282879472, 0.059786812012020615]
[-6.954159470495824e-14, -1.3540407790198369e-5, 0.0039062499998184196, 0.05979207811076933]
[-6.954159470495824e-14, 1.3540407790198369e-5, 0.0039062499998184196, 0.05978154614518406]
[-2.89906987305244e-14, 0.0, 0.000976562499953177, 0.01494670300302374]
[-2.89906987305244e-14, 0.0, 0.000976562499953177, 0.01494670300302374]
[6.055454423399553e-6, 0.0, 0.000976562499953177, 0.014944070127583484]
[-6.055454481380951e-6, 0.0, 0.000976562499953177, 0.014949336110376132]
[6.0554544494946516e-5, 0.0, 0.0009761840707184401, 0.01494670300302374]
[-6.0554544552927914e-5, 0.0, 0.0009769410025249712, 0.01494670300302374]
[-2.89906987305244e-14, 1.3540407790206126e-5, 0.0009773195784338223, 0.01494670300302374]
[-2.89906987305244e-14, -1.3540407790206126e-5, 0.0009758057148207605, 0.01494670300302374]
[-2.89906987305244e-14, -1.3540407790206126e-5, 0.000976562499953177, 0.014949336110376132]
[-2.89906987305244e-14, 1.3540407790206126e-5, 0.000976562499953177, 0.014944070127583484]
[1.4491879918310246e-14, 0.0, 0.00024414062498818832, 0.0037366757507586727]
[1.4491879918310246e-14, 0.0, 0.00024414062498818832, 0.0037366757507586727]
[6.055454466885601e-6, 0.0, 0.00024414062498818832, 0.0037353593710165805]
[-6.0554544379018416e-6, 0.0, 0.00024414062498818832, 0.0037379923624129047]
[6.0554544538425625e-5, 0.0, 0.00024395142870508422, 0.0037366757507586727]
[-6.0554544509441866e-5, 0.0, 0.00024432989460834964, 0.0037366757507586727]
[1.4491879918310246e-14, 1.3540407790206126e-5, 0.00024451923756556825, 0.0037366757507586727]
[1.4491879918310246e-14, -1.3540407790206126e-5, 0.00024376230575903738, 0.0037366757507586727]
[1.4491879918310246e-14, -1.3540407790206126e-5, 0.00024414062498818832, 0.0037379923624129047]
[1.4491879918310246e-14, 1.3540407790206126e-5, 0.00024414062498818832, 0.0037353593710165805]
[-7.251144129583054e-16, 0.0, 6.1035156247049086e-5, 0.0009341689376896686]
[-7.251144129583054e-16, 0.0, 6.1035156247049086e-5, 0.0009341689376896686]
[6.055454451668607e-6, 0.0, 6.1035156247049086e-5, 0.0009335108057966567]
[-6.055454453118836e-6, 0.0, 6.1035156247049086e-5, 0.000934827301494819]
[6.055454452320863e-5, 0.0, 6.0940576439761344e-5, 0.0009341689376896686]
[-6.0554544524657125e-5, 0.0, 6.112980939139407e-5, 0.0009341689376896686]
[-7.251144129583054e-16, 1.3540407790206126e-5, 6.12245358727963e-5, 0.0009341689376896686]
[-7.251144129583054e-16, -1.3540407790206126e-5, 6.0846069969530854e-5, 0.0009341689376896686]
[-7.251144129583054e-16, -1.3540407790206126e-5, 6.1035156247049086e-5, 0.000934827301494819]
[-7.251144129583054e-16, 1.3540407790206126e-5, 6.1035156247049086e-5, 0.0009335108057966567]
[-4.527628272299467e-16, 0.0, 1.525878906176319e-5, 0.00023354223442245573]
[-4.527628272299467e-16, 0.0, 1.525878906176319e-5, 0.00023354223442245573]
[6.055454451940959e-6, 0.0, 1.525878906176319e-5, 0.00023321322645398403]
[-6.055454452846484e-6, 0.0, 1.525878906176319e-5, 0.0002338714743030652]
[6.0554544523480115e-5, 0.0, 1.5211517492383635e-5, 0.00023354223442245573]
[-6.055454452438564e-5, 0.0, 1.53061339682e-5, 0.00023354223442245573]
[-4.527628272299467e-16, 1.3540407790205157e-5, 1.535355221169405e-5, 0.00023354223442245573]
[-4.527628272299467e-16, -1.3540407790205157e-5, 1.516431926006133e-5, 0.00023354223442245573]
[-4.527628272299467e-16, -1.3540407790205157e-5, 1.525878906176319e-5, 0.00023387147430306508]
[-4.527628272299467e-16, 1.3540407790205157e-5, 1.525878906176319e-5, 0.00023321322645398403]
[-2.2638141361497333e-16, 0.0, 3.814697265440596e-6, 5.8385558605618404e-5]
[-2.2638141361497333e-16, 0.0, 3.814697265440596e-6, 5.8385558605618404e-5]
[6.055454452166906e-6, 0.0, 3.814697265440596e-6, 5.822111259941704e-5]
[-6.055454452619669e-6, 0.0, 3.814697265440596e-6, 5.855023652395758e-5]
[6.055454452370693e-5, 0.0, 3.791079815015131e-6, 5.8385558605618404e-5]
[-6.055454452415969e-5, 0.0, 3.838388052923311e-6, 5.8385558605618404e-5]
[-2.2638141361497333e-16, 1.3540407790205157e-5, 3.862152177463275e-6, 5.8385558605618404e-5]
[-2.2638141361497333e-16, -1.3540407790205157e-5, 3.767535701646917e-6, 5.8385558605618404e-5]
[-2.2638141361497333e-16, -1.3540407790205157e-5, 3.814697265440596e-6, 5.855023652395758e-5]
[-2.2638141361497333e-16, 1.3540407790205157e-5, 3.814697265440596e-6, 5.822111259941704e-5]
[1.1058862159352145e-17, 0.0, 9.536743163601284e-7, 1.4596389651402273e-5]
[1.1058862159352145e-17, 0.0, 9.536743163601284e-7, 1.4596389651402273e-5]
[6.055454452404347e-6, 0.0, 9.536743163601284e-7, 1.4514224626336041e-5]
[-6.055454452382229e-6, 0.0, 9.536743163601284e-7, 1.4678786588606311e-5]
[6.055454452394459e-5, 0.0, 9.418839254117086e-7, 1.4596389651402273e-5]
[-6.055454452392225e-5, 0.0, 9.655380443657982e-7, 1.4596389651402273e-5]
[1.1058862159352145e-17, 1.3540407790205157e-5, 9.774751094287174e-7, 1.4596389651402273e-5]
[1.1058862159352145e-17, -1.3540407790205157e-5, 9.301668715205391e-7, 1.4596389651402273e-5]
[1.1058862159352145e-17, -1.3540407790205157e-5, 9.536743163601284e-7, 1.4678786588606311e-5]
[1.1058862159352145e-17, 1.3540407790205157e-5, 9.536743163601284e-7, 1.4514224626336041e-5]
[7.15573433840433e-18, 0.0, 2.384185790900237e-7, 3.6490974128505683e-6]
[7.15573433840433e-18, 0.0, 2.384185790900237e-7, 3.6490974128505683e-6]
[6.0554544524004435e-6, 0.0, 2.384185790900237e-7, 3.608072878351903e-6]
[-6.055454452386132e-6, 0.0, 2.384185790900237e-7, 3.690353859487038e-6]
[6.055454452394047e-5, 0.0, 2.3254171788012647e-7, 3.6490974128505683e-6]
[-6.055454452392637e-5, 0.0, 2.4436877735717105e-7, 3.6490974128505683e-6]
[7.15573433840433e-18, 1.3540407790205277e-5, 2.5039231268156827e-7, 3.6490974128505683e-6]
[7.15573433840433e-18, -1.3540407790205277e-5, 2.2673819372747918e-7, 3.6490974128505683e-6]
[7.15573433840433e-18, -1.3540407790205277e-5, 2.384185790900237e-7, 3.690353859487038e-6]
[7.15573433840433e-18, 1.3540407790205277e-5, 2.384185790900237e-7, 3.608072878351903e-6]
[3.469446951953614e-18, 0.0, 5.960464477250584e-8, 9.122743532126326e-7]
[3.469446951953614e-18, 0.0, 5.960464477250584e-8, 9.122743532126326e-7]
[6.0554544523968115e-6, 0.0, 5.960464477250584e-8, 8.918200639977511e-7]
[-6.0554544523898726e-6, 0.0, 5.960464477250584e-8, 9.329605545653185e-7]
[6.055454452393689e-5, 0.0, 5.6684548431869717e-8, 9.122743532126326e-7]
[-6.055454452392995e-5, 0.0, 6.259807817039199e-8, 9.122743532126326e-7]
[3.469446951953614e-18, 1.3540407790205277e-5, 6.566484862552816e-8, 9.122743532126326e-7]
[3.469446951953614e-18, -1.3540407790205277e-5, 5.3837789148483616e-8, 9.122743532126326e-7]
[3.469446951953614e-18, -1.3540407790205277e-5, 5.960464477250584e-8, 9.329605545653185e-7]
[3.469446951953614e-18, 1.3540407790205277e-5, 5.960464477250584e-8, 8.918200639977511e-7]
[-2.710505431213761e-20, 0.0, 1.4901161193126477e-8, 2.2806858830315814e-7]
[-2.710505431213761e-20, 0.0, 1.4901161193126477e-8, 2.2806858830315814e-7]
[6.055454452393315e-6, 0.0, 1.4901161193126477e-8, 2.178994217301684e-7]
[-6.055454452393369e-6, 0.0, 1.4901161193126477e-8, 2.384696670139521e-7]
[6.0554544523933366e-5, 0.0, 1.3459447287120919e-8, 2.2806858830315814e-7]
[-6.055454452393342e-5, 0.0, 1.6416212156382053e-8, 2.2806858830315814e-7]
[-2.710505431213761e-20, 1.3540407790205277e-5, 1.800460017688765e-8, 2.2806858830315814e-7]
[-2.710505431213761e-20, -1.3540407790205277e-5, 1.2091070438365383e-8, 2.2806858830315814e-7]
[-2.710505431213761e-20, -1.3540407790205277e-5, 1.4901161193126477e-8, 2.384696670139521e-7]
[-2.710505431213761e-20, 1.3540407790205277e-5, 1.4901161193126477e-8, 2.178994217301684e-7]
[-4.0657581468206416e-20, 0.0, 3.725290298281616e-9, 5.7017147075789673e-8]
[-4.0657581468206416e-20, 0.0, 3.725290298281616e-9, 5.7017147075789673e-8]
[6.055454452393301e-6, 0.0, 3.725290298281616e-9, 5.1990541823745856e-8]
[-6.055454452393383e-6, 0.0, 3.725290298281616e-9, 6.227566446563772e-8]
[6.055454452393338e-5, 0.0, 3.0227676095913424e-9, 5.7017147075789673e-8]
[-6.0554544523933434e-5, 0.0, 4.501150044221909e-9, 5.7017147075789673e-8]
[-4.0657581468206416e-20, 1.3540407790205277e-5, 5.350346847412224e-9, 5.7017147075789673e-8]
[-4.0657581468206416e-20, -1.354040779020527e-5, 2.3935819781510905e-9, 5.7017147075789673e-8]
[-4.0657581468206416e-20, -1.3540407790205277e-5, 3.725290298281616e-9, 6.227566446563772e-8]
[-4.0657581468206416e-20, 1.354040779020527e-5, 3.725290298281616e-9, 5.1990541823745875e-8]
[-6.776263578034403e-21, 0.0, 9.313225745704038e-10, 1.4254286768947423e-8]
[-6.776263578034403e-21, 0.0, 9.313225745704038e-10, 1.4254286768947423e-8]
[6.055454452393335e-6, 0.0, 9.313225745704038e-10, 1.1798962177376572e-8]
[-6.055454452393349e-6, 0.0, 9.313225745704038e-10, 1.6941523498322503e-8]
[6.055454452393339e-5, 0.0, 5.983954945377724e-10, 1.4254286768947423e-8]
[-6.055454452393341e-5, 0.0, 1.337586711853056e-9, 1.4254286768947423e-8]
[-6.776263578034403e-21, 1.354040779020527e-5, 1.8171879063857284e-9, 1.4254286768947423e-8]
[-6.776263578034403e-21, -1.354040779020527e-5, 3.3880547175516174e-10, 1.4254286768947423e-8]
[-6.776263578034403e-21, -1.354040779020527e-5, 9.313225745704038e-10, 1.6941523498322503e-8]
[-6.776263578034403e-21, 1.354040779020527e-5, 9.313225745704038e-10, 1.1798962177376572e-8]
[-1.0164395367051604e-20, 0.0, 2.3283064364260095e-10, 3.5635716922368575e-9]
[-1.0164395367051604e-20, 0.0, 2.3283064364260095e-10, 3.5635716922368575e-9]
[6.0554544523933285e-6, 0.0, 2.3283064364260095e-10, 2.3938874309024894e-9]
[-6.055454452393352e-6, 0.0, 2.3283064364260095e-10, 4.965168091375456e-9]
[6.0554544523933386e-5, 0.0, 8.470136793879043e-11, 3.5635716922368575e-9]
[-6.055454452393341e-5, 0.0, 4.542969765964321e-10, 3.5635716922368575e-9]
[-1.0164395367051604e-20, 1.354040779020527e-5, 7.491003668002838e-10, 3.5635716922368575e-9]
[-1.0164395367051604e-20, -1.3540407790205272e-5, 9.909149485000522e-12, 3.5635716922368575e-9]
[-1.0164395367051604e-20, -1.354040779020527e-5, 2.3283064364260095e-10, 4.965168091375456e-9]
[-1.0164395367051604e-20, 1.3540407790205272e-5, 2.3283064364260095e-10, 2.3938874309024894e-9]
[-5.082197683525802e-21, 0.0, 5.820766091065024e-11, 8.908929230592148e-10]
[-5.082197683525802e-21, 0.0, 5.820766091065024e-11, 8.908929230592148e-10]
[6.055454452393334e-6, 0.0, 5.820766091065024e-11, 3.6402882684308814e-10]
[-6.055454452393344e-6, 0.0, 5.820766091065024e-11, 1.6496691570795712e-9]
[6.0554544523933386e-5, 0.0, 2.47728737125013e-12, 8.908929230592148e-10]
[-6.05545445239334e-5, 0.0, 1.8727509170007096e-10, 8.908929230592148e-10]
[-5.082197683525802e-21, 1.354040779020527e-5, 3.896795797395123e-10, 8.908929230592148e-10]
[-5.082197683525802e-21, -1.3540407790205272e-5, 2.008397108187066e-11, 8.908929230592148e-10]
[-5.082197683525802e-21, -1.354040779020527e-5, 5.820766091065024e-11, 1.6496691570795712e-9]
[-5.082197683525802e-21, 1.3540407790205272e-5, 5.820766091065024e-11, 3.6402882684308814e-10]
[1.6940658945086007e-21, 0.0, 1.4551915227662556e-11, 2.227232307648036e-10]
[1.6940658945086007e-21, 0.0, 1.4551915227662556e-11, 2.227232307648036e-10]
[6.055454452393341e-6, 0.0, 1.4551915227662556e-11, 1.726921710779776e-11]
[-6.055454452393339e-6, 0.0, 1.4551915227662556e-11, 6.600893822260393e-10]
[6.05545445239334e-5, 0.0, 5.020992770467665e-12, 2.227232307648036e-10]
[-6.055454452393339e-5, 0.0, 9.741989493487807e-11, 2.227232307648036e-10]
[1.6940658945086007e-21, 1.3540407790205274e-5, 2.536249318921143e-10, 2.227232307648036e-10]
[1.6940658945086007e-21, -1.3540407790205272e-5, 6.882712756329341e-11, 2.227232307648036e-10]
[1.6940658945086007e-21, -1.3540407790205274e-5, 1.4551915227662556e-11, 6.600893822260393e-10]
[1.6940658945086007e-21, 1.3540407790205272e-5, 1.4551915227662556e-11, 1.726921710779776e-11]
[-1.2705494208814505e-21, 0.0, 3.637978806915643e-12, 5.5680807691200943e-11]
[-1.2705494208814505e-21, 0.0, 3.637978806915643e-12, 5.5680807691200943e-11]
[6.055454452393339e-6, 0.0, 3.637978806915643e-12, 1.0931835313755409e-11]
[-6.055454452393342e-6, 0.0, 3.637978806915643e-12, 3.323419178728763e-10]
[6.055454452393339e-5, 0.0, 1.7206781890823344e-11, 5.5680807691200943e-11]
[-6.05545445239334e-5, 0.0, 6.340623297302858e-11, 5.5680807691200943e-11]
[-1.2705494208814505e-21, 1.354040779020527e-5, 1.9651154438916213e-10, 5.5680807691200943e-11]
[-1.2705494208814505e-21, -1.3540407790205274e-5, 1.041126422247517e-10, 5.5680807691200943e-11]
[-1.2705494208814505e-21, -1.354040779020527e-5, 3.637978806915643e-12, 3.323419178728762e-10]
[-1.2705494208814505e-21, 1.3540407790205274e-5, 3.637978806915643e-12, 1.0931835313755412e-11]
[-4.235164736271502e-22, 0.0, 9.0949470172891e-13, 1.3920201922800231e-11]
[-4.235164736271502e-22, 0.0, 9.0949470172891e-13, 1.3920201922800231e-11]
[6.055454452393339e-6, 0.0, 9.0949470172891e-13, 4.9523750185134925e-11]
[-6.05545445239334e-6, 0.0, 9.0949470172891e-13, 2.1022879146469527e-10]
[6.055454452393339e-5, 0.0, 2.6028160556187924e-11, 1.3920201922800231e-11]
[-6.055454452393339e-5, 0.0, 4.912788609729053e-11, 1.3920201922800231e-11]
[-4.235164736271502e-22, 1.3540407790205274e-5, 1.7068333474287279e-10, 1.3920201922800231e-11]
[-4.235164736271502e-22, -1.354040779020527e-5, 1.2448388366066757e-10, 1.3920201922800231e-11]
[-4.235164736271502e-22, -1.3540407790205274e-5, 9.0949470172891e-13, 2.1022879146469537e-10]
[-4.235164736271502e-22, 1.354040779020527e-5, 9.0949470172891e-13, 4.9523750185134906e-11]
[1.0587911840678754e-22, 0.0, 2.2737367543222744e-13, 3.480050480700056e-12]
[1.0587911840678754e-22, 0.0, 2.2737367543222744e-13, 3.480050480700056e-12]
[6.05545445239334e-6, 0.0, 2.2737367543222744e-13, 7.925985906292487e-11]
[-6.055454452393339e-6, 0.0, 2.2737367543222744e-13, 1.59612379702705e-10]
[6.05545445239334e-5, 0.0, 3.112097091516689e-11, 3.480050480700056e-12]
[-6.055454452393339e-5, 0.0, 4.2670833685718196e-11, 3.480050480700056e-12]
[1.0587911840678754e-22, 1.3540407790205272e-5, 1.5845135094602478e-10, 3.480050480700056e-12]
[1.0587911840678754e-22, -1.3540407790205272e-5, 1.353516254049222e-10, 3.480050480700056e-12]
[1.0587911840678754e-22, -1.3540407790205272e-5, 2.2737367543222744e-13, 1.59612379702705e-10]
[1.0587911840678754e-22, 1.3540407790205272e-5, 2.2737367543222744e-13, 7.925985906292487e-11]
[-5.293955920339377e-23, 0.0, 5.6843418858056645e-14, 8.700126201750133e-13]
[-5.293955920339377e-23, 0.0, 5.6843418858056645e-14, 8.700126201750133e-13]
[6.0554544523933395e-6, 0.0, 5.6843418858056645e-14, 9.673795136234486e-11]
[-6.0554544523933395e-6, 0.0, 5.6843418858056645e-14, 1.3691421168223492e-10]
[6.05545445239334e-5, 0.0, 3.383790635123055e-11, 8.700126201750133e-13]
[-6.055454452393339e-5, 0.0, 3.9612837736506194e-11, 8.700126201750133e-13]
[-5.293955920339377e-23, 1.3540407790205272e-5, 1.5250588930417496e-10, 8.700126201750133e-13]
[-5.293955920339377e-23, -1.3540407790205272e-5, 1.409560265336237e-10, 8.700126201750133e-13]
[-5.293955920339377e-23, -1.3540407790205272e-5, 5.6843418858056645e-14, 1.3691421168223492e-10]
[-5.293955920339377e-23, 1.3540407790205272e-5, 5.6843418858056645e-14, 9.673795136234486e-11]
[0.0, 0.0, 1.4210854714514136e-14, 2.1750315504375315e-13]
[0.0, 0.0, 1.4210854714514136e-14, 2.1750315504375315e-13]
[6.0554544523933395e-6, 0.0, 1.4210854714514136e-14, 1.0612950697718609e-10]
[-6.0554544523933395e-6, 0.0, 1.4210854714514136e-14, 1.2621763713713117e-10]
[6.055454452393339e-5, 0.0, 3.523900663340592e-11, 2.1750315504375315e-13]
[-6.05545445239334e-5, 0.0, 3.812647232604374e-11, 2.1750315504375315e-13]
[0.0, 1.3540407790205272e-5, 1.4957579104739362e-10, 2.1750315504375315e-13]
[0.0, -1.3540407790205272e-5, 1.4380085966211796e-10, 2.1750315504375315e-13]
[0.0, -1.3540407790205272e-5, 1.4210854714514136e-14, 1.2621763713713117e-10]
[0.0, 1.3540407790205272e-5, 1.4210854714514136e-14, 1.0612950697718609e-10]
[0.0, 0.0, 3.552713678628572e-15, 5.4375788760938554e-14]
[0.0, 0.0, 3.552713678628572e-15, 5.4375788760938554e-14]
[6.0554544523933395e-6, 0.0, 3.552713678628572e-15, 1.1098841215088957e-10]
[-6.0554544523933395e-6, 0.0, 3.552713678628572e-15, 1.2103247723086207e-10]
[6.055454452393339e-5, 0.0, 3.595021491552949e-11, 5.4375788760938554e-14]
[-6.055454452393339e-5, 0.0, 3.7393947761848405e-11, 5.4375788760938554e-14]
[0.0, 1.3540407790205274e-5, 1.4812140006003885e-10, 5.4375788760938554e-14]
[0.0, -1.354040779020527e-5, 1.4523393436740096e-10, 5.4375788760938554e-14]
[0.0, -1.3540407790205274e-5, 3.552713678628572e-15, 1.210324772308621e-10]
[0.0, 1.354040779020527e-5, 3.552713678628572e-15, 1.1098841215088953e-10]
[6.617444900424222e-24, 0.0, 8.881784196571787e-16, 1.3593947190234594e-14]
[6.617444900424222e-24, 0.0, 8.881784196571787e-16, 1.3593947190234594e-14]
[6.0554544523933395e-6, 0.0, 8.881784196571787e-16, 1.1345864657931197e-10]
[-6.0554544523933395e-6, 0.0, 8.881784196571787e-16, 1.1848067911929824e-10]
[6.05545445239334e-5, 0.0, 3.630848359185024e-11, 1.3593947190234594e-14]
[-6.055454452393339e-5, 0.0, 3.703035001500971e-11, 1.3593947190234594e-14]
[6.617444900424222e-24, 1.3540407790205272e-5, 1.4739686910162043e-10, 1.3593947190234594e-14]
[6.617444900424222e-24, -1.3540407790205272e-5, 1.4595313625530144e-10, 1.3593947190234594e-14]
[6.617444900424222e-24, -1.3540407790205272e-5, 8.881784196571787e-16, 1.1848067911929824e-10]
[6.617444900424222e-24, 1.3540407790205272e-5, 8.881784196571787e-16, 1.1345864657931197e-10]
[-3.308722450212111e-24, 0.0, 2.2204460491431202e-16, 3.3984867975586537e-15]
[-3.308722450212111e-24, 0.0, 2.2204460491431202e-16, 3.3984867975586537e-15]
[6.0554544523933395e-6, 0.0, 2.2204460491431202e-16, 1.1470395925391586e-10]
[-6.0554544523933395e-6, 0.0, 2.2204460491431202e-16, 1.1721497552390902e-10]
[6.05545445239334e-5, 0.0, 3.648828406382536e-11, 3.3984867975586537e-15]
[-6.055454452393339e-5, 0.0, 3.684921727540511e-11, 3.3984867975586537e-15]
[-3.308722450212111e-24, 1.3540407790205272e-5, 1.4703526975622596e-10, 3.3984867975586537e-15]
[-3.308722450212111e-24, -1.3540407790205272e-5, 1.4631340333306644e-10, 3.3984867975586537e-15]
[-3.308722450212111e-24, -1.3540407790205272e-5, 2.2204460491431202e-16, 1.1721497552390902e-10]
[-3.308722450212111e-24, 1.3540407790205272e-5, 2.2204460491431202e-16, 1.1470395925391586e-10]
[1.6543612251060553e-24, 0.0, 5.5511151228581937e-17, 8.496216993896772e-16]
[1.6543612251060553e-24, 0.0, 5.5511151228581937e-17, 8.496216993896772e-16]
[6.0554544523933395e-6, 0.0, 5.5511151228581937e-17, 1.1532916445631601e-10]
[-6.0554544523933395e-6, 0.0, 5.5511151228581937e-17, 1.1658467259131252e-10]
[6.0554544523933386e-5, 0.0, 3.657835083326661e-11, 8.496216993896772e-16]
[-6.05545445239334e-5, 0.0, 3.675881743905649e-11, 8.496216993896772e-16]
[1.6543612251060553e-24, 1.3540407790205272e-5, 1.468546366169824e-10, 8.496216993896772e-16]
[1.6543612251060553e-24, -1.3540407790205272e-5, 1.4649370340540262e-10, 8.496216993896772e-16]
[1.6543612251060553e-24, -1.3540407790205272e-5, 5.5511151228581937e-17, 1.1658467259131252e-10]
[1.6543612251060553e-24, 1.3540407790205272e-5, 5.5511151228581937e-17, 1.1532916445631601e-10]
NLsolve residual norm: 8.496216993896772e-16
