[8.8, 0.0, 1.0, 15.30542387521496]
[-5.551115123125783e-16, -2.482534153247273e-16, 0.25, 3.82635596880374]
[-5.551115123125783e-17, 0.0, 0.06250000000000003, 0.9565889922009346]
[-2.7755575615628914e-17, 0.0, 0.015625000000000007, 0.23914724805023366]
[-1.3877787807814457e-17, 0.0, 0.003906250000000002, 0.059786812012558414]
[0.0, 0.0, 0.0009765625000000004, 0.014946703003139604]
[-3.469446951953614e-18, 0.0, 0.0002441406250000001, 0.003736675750784899]
[0.0, 0.0, 6.103515625000003e-5, 0.0009341689376962248]
[0.0, 0.0, 1.5258789062500007e-5, 0.0002335422344240562]
[0.0, 0.0, 3.814697265625002e-6, 5.838555860601405e-5]
[0.0, 0.0, 9.536743164062504e-7, 1.4596389651503512e-5]
[0.0, 0.0, 2.384185791015626e-7, 3.649097412875878e-6]
[0.0, 0.0, 5.960464477539065e-8, 9.122743532189695e-7]
[0.0, 0.0, 1.4901161193847663e-8, 2.2806858830474238e-7]
[0.0, 0.0, 3.725290298461916e-9, 5.7017147076185595e-8]
[0.0, 0.0, 9.31322574615479e-10, 1.4254286769046399e-8]
[0.0, 0.0, 2.3283064365386973e-10, 3.5635716922615997e-9]
[0.0, 0.0, 5.820766091346743e-11, 8.908929230653999e-10]
[0.0, 0.0, 1.4551915228366858e-11, 2.2272323076634998e-10]
[0.0, 0.0, 3.6379788070917146e-12, 5.5680807691587495e-11]
[0.0, 0.0, 9.094947017729286e-13, 1.3920201922896874e-11]
[0.0, 0.0, 2.2737367544323216e-13, 3.4800504807242185e-12]
[0.0, 0.0, 5.684341886080804e-14, 8.700126201810546e-13]
[0.0, 0.0, 1.421085471520201e-14, 2.1750315504526365e-13]
[0.0, 0.0, 3.5527136788005025e-15, 5.4375788761315913e-14]
[0.0, 0.0, 8.881784197001256e-16, 1.3593947190328978e-14]
[0.0, 0.0, 2.220446049250314e-16, 3.3984867975822446e-15]
[0.0, 0.0, 5.551115123125785e-17, 8.496216993955611e-16]
[0.0, 0.0, 5.551115123125785e-17, 8.496216993955611e-16]
NewtonRaphson residual norm: 8.514332152287816e-16
