[8.8, 0.0, 1.0, 15.30542387521496]
[6.661338147750939e-16, -2.482534153247273e-16, 0.2500000000000001, 3.82635596880374]
[-2.220446049250313e-16, 6.206335383118183e-17, 0.06250000000000006, 0.9565889922009346]
[-8.326672684688674e-17, 0.0, 0.015625000000000014, 0.23914724805023355]
[0.0, 0.0, 0.0039062500000000035, 0.05978681201255839]
[-7.632783294297951e-17, 7.757919228897728e-18, 0.0009765625000000022, 0.014946703003139591]
[0.6577547934458748, -0.02220657697031583, 3.3802953887751745, 0.05828140709345893]
[1.104400167862425, -0.01218717801904478, 2.2502940018958415, 0.028231131017163274]
[1.2522686201091833, 0.08767248916511708, 0.12062453225413444, 0.007891590655601119]
[-2.7755575615628914e-16, 3.1031676915590914e-17, 0.03015613306353362, 0.001972897663900251]
[4.163336342344337e-17, 0.0, 0.007539033265883405, 0.0004932244159750595]
[-1.3877787807814457e-17, 0.0, 0.0018847583164708472, 0.00012330610399375995]
[0.022854617291176965, -0.002285461729117705, 0.009313064817664368, 0.01452389752789449]
[-6.938893903907228e-18, 0.0, 0.0023282662044160924, 0.0036309743819736167]
[3.469446951953614e-18, 0.0, 0.0005820665511040234, 0.0009077435954934042]
[2.2551405187698492e-17, -1.939479807224432e-18, 0.00014551663777600553, 0.00022693589887334993]
[0.0, 0.0, 3.637915944400154e-5, 5.6733974718337483e-5]
[-0.0006489038437854765, 6.489038437854857e-5, 0.00015376228287476823, 0.00018547669503311454]
[1.1275702593849246e-17, -9.69739903612216e-19, 3.8440570718692145e-5, 4.63691737582787e-5]
[8.673617379884035e-19, 0.0, 9.610142679672945e-6, 1.1592293439569539e-5]
[-0.00017507445837759532, 1.7507445837759333e-5, 3.853929487057507e-5, 4.221334383055577e-5]
[-8.673617379884035e-19, 0.0, 9.634823717643754e-6, 1.0553335957638947e-5]
[-8.673617379884035e-19, 0.0, 2.408705929410978e-6, 2.638333989409789e-6]
[-4.558074239085141e-5, 4.558074239085177e-6, 9.60916747016428e-6, 1.0062884009969387e-5]
[-3.903127820947816e-18, 2.42434975903054e-19, 2.402291867541157e-6, 2.515721002492434e-6]
[-6.123513934750075e-5, 6.123513934749993e-6, 9.731803514734921e-6, 9.832026699033367e-6]
[-8.673617379884035e-19, 0.0, 2.4329508786836663e-6, 2.4580066747582955e-6]
[-5.860920035420615e-5, 5.86092003542069e-6, 9.912547407941581e-6, 9.795796073901413e-6]
[-6.238709310256527e-5, 6.2387093102566825e-6, 9.764538577323843e-6, 9.788865313447754e-6]
[-2.8189256484623115e-18, 2.42434975903054e-19, 2.4411346443309283e-6, 2.4472163283619007e-6]
[-5.635638171886011e-5, 5.635638171886053e-6, 9.951754311034072e-6, 9.794026822778875e-6]
[-6.42802107703273e-5, 6.428021077032938e-6, 9.798483667411508e-6, 9.771067200936915e-6]
[-5.5588592797973114e-5, 7.2411640853264874e-6, 8.442771657496393e-6, 8.412994966547239e-6]
[-5.564454404503568e-5, 5.564454404503875e-6, 9.993381089276964e-6, 9.804910787074144e-6]
[-6.666137756987942e-5, 6.6661377569881e-6, 9.833881437483736e-6, 9.770445615748924e-6]
[-6.685275496309253e-5, 8.590758941510495e-6, 9.655570426735657e-6, 9.585943879095101e-6]
[-6.455347957631894e-5, 7.831845803074915e-6, 9.891420787734549e-6, 9.779487029760358e-6]
[-7.966415137777632e-5, 9.707572859330588e-6, 9.747833760975025e-6, 9.781302230481557e-6]
[-9.390922193523244e-5, 1.1765972179912545e-5, 9.504382285511478e-6, 9.713897571401945e-6]
[-0.00010777155479893032, 1.3769467704774168e-5, 9.073859771059897e-6, 9.506621404680425e-6]
[-0.00011701106884345284, 1.5267963702807765e-5, 8.315295530443866e-6, 8.983684411412493e-6]
[-0.00012512707724874, 1.6614815603686914e-5, 7.578999944831662e-6, 8.500494262789698e-6]
[-0.00014188256981231698, 1.914295926923258e-5, 7.588386497681473e-6, 8.841147768547727e-6]
[-0.00012931595038963425, 1.7246851520073454e-5, 7.5813460384501464e-6, 8.585030233202001e-6]
[-0.00012617429553396379, 1.6772824582783793e-5, 7.57958643419916e-6, 8.521589042516077e-6]
[-0.00012538888182004595, 1.665431784846077e-5, 7.579146565046218e-6, 8.505765506916498e-6]
[-0.0001251925283915667, 1.66246911648805e-5, 7.579036599752343e-6, 8.501811920646101e-6]
[-0.00012514344003444668, 1.661728449398519e-5, 7.5790091085535235e-6, 8.50082366768034e-6]
[-0.00012513116794516657, 1.6615432826261603e-5, 7.57900223576161e-6, 8.500576613414019e-6]
[-0.00012512809992284686, 1.6614969909330707e-5, 7.579000517564117e-6, 8.500514850408381e-6]
[-0.00012512733291726672, 1.661485418009738e-5, 7.579000088014775e-6, 8.50049940969203e-6]
[-0.00012512714116587158, 1.661482524778953e-5, 7.578999980627441e-6, 8.500495549515136e-6]
[-0.00012512709322802257, 1.661481801471245e-5, 7.578999953780608e-6, 8.500494584471048e-6]
[-0.00012512708124356054, 1.6614816206443298e-5, 7.5789999470689e-6, 8.500494343210033e-6]
[-0.00012512707824744547, 1.661481575437577e-5, 7.5789999453909725e-6, 8.500494282894786e-6]
[-0.0001251270774984166, 1.661481564135937e-5, 7.578999944971488e-6, 8.500494267815971e-6]
[-0.00012512707731115883, 1.661481561310503e-5, 7.5789999448666185e-6, 8.500494264046263e-6]
[-0.0001251270772643447, 1.6614815606041442e-5, 7.578999944840402e-6, 8.50049426310384e-6]
[-0.0001251270772526414, 1.6614815604275547e-5, 7.578999944833848e-6, 8.500494262868237e-6]
[-0.00012512707724971536, 1.661481560383383e-5, 7.5789999448322094e-6, 8.500494262809334e-6]
[-0.00012512707724898374, 1.6614815603723766e-5, 7.578999944831799e-6, 8.500494262794609e-6]
[-0.00012512707724880116, 1.6614815603696126e-5, 7.578999944831696e-6, 8.500494262790925e-6]
[-0.00012512707724875562, 1.661481560368934e-5, 7.57899994483167e-6, 8.500494262790006e-6]
[-0.0001251270772487439, 1.6614815603687398e-5, 7.578999944831665e-6, 8.500494262789778e-6]
[-0.00012512707724874087, 1.6614815603686914e-5, 7.578999944831662e-6, 8.500494262789717e-6]
[-0.00012512707724874044, 1.6614815603686914e-5, 7.578999944831662e-6, 8.500494262789703e-6]
[-0.00012512707724874, 1.6614815603686914e-5, 7.578999944831662e-6, 8.500494262789698e-6]
[-0.00012512707724874, 1.6614815603686914e-5, 7.578999944831662e-6, 8.500494262789698e-6]
[-0.00012512707724874, 1.6614815603686914e-5, 7.578999944831662e-6, 8.500494262789698e-6]
[-0.00012512707724874, 1.6614815603686914e-5, 7.578999944831662e-6, 8.500494262789698e-6]
[-0.00012512707724874, 1.6614815603686914e-5, 7.578999944831662e-6, 8.500494262789698e-6]
[-0.00012512707724874, 1.6614815603686914e-5, 7.578999944831662e-6, 8.500494262789698e-6]
[-0.00012512707724874, 1.6614815603686914e-5, 7.578999944831662e-6, 8.500494262789698e-6]
[-0.00012512707724874, 1.6614815603686914e-5, 7.578999944831662e-6, 8.500494262789698e-6]
TrustRegion residual norm: 0.0001267380653206926
